3/spatial_data/dem.asc
ncols 600
nrows 300
xllcorner -1.500000
yllcorner 47.000000
cellsize 0.000833
NODATA_value -9999
[rows 68 to 101 of 300, columns 231 to 307 of 600]
35 37 38 37 37 36 35 34 33 34 38 41 42 42 40 39 38 38 40 40 41 40 39 38 36 36 37 37 43 43 45 46 49 51 52 52 52 51 51 51 52 54 57 59 59 61 62 63 63 63 65 68 72 74 74 76 74 74 74 74 73 73 75 76 77 77 77 77 78 79 80 -9999 -9999 -9999 -9999 -9999 -9999
29 32 31 32 31 31 31 29 29 31 35 37 38 39 37 35 34 34 35 36 37 36 34 32 34 37 38 43 44 45 45 46 48 50 51 52 53 52 51 52 53 54 56 58 59 61 61 61 61 63 64 66 70 72 74 76 74 72 71 71 71 72 75 75 76 77 77 77 78 79 -9999 -9999 -9999 -9999 -9999 -9999 -9999
24 25 25 25 25 27 26 26 26 28 31 33 33 32 31 31 28 28 32 33 33 32 32 32 34 34 41 43 45 46 46 46 47 49 51 53 54 53 52 53 54 54 55 57 59 60 61 61 62 63 64 65 65 68 69 71 69 69 69 70 71 72 74 75 76 76 77 77 78 79 -9999 -9999 -9999 -9999 -9999 -9999 -9999
22 22 22 22 22 22 22 22 22 22 28 29 29 27 28 28 32 32 32 33 32 32 32 32 32 35 39 42 43 45 45 47 48 50 52 53 54 54 54 56 58 58 58 59 60 61 62 63 64 66 69 70 69 69 69 69 69 69 72 72 72 73 74 74 75 75 76 77 78 -9999 -9999 -9999 -9999 -9999 -9999 -9999 -9999
28 28 29 29 29 28 28 29 29 28 25 27 27 33 34 36 36 36 34 32 32 32 34 35 36 36 39 41 42 42 44 46 49 51 53 54 55 57 58 58 60 61 61 62 63 64 64 65 66 68 71 72 74 75 73 72 70 70 71 73 73 74 74 74 75 75 75 77 -9999 -9999 -9999 -9999 -9999 -9999 -9999 -9999 -9999
29 30 31 33 33 33 34 35 35 34 31 31 34 37 38 38 39 38 37 35 34 35 37 38 40 41 42 41 41 41 43 46 49 51 53 55 57 59 60 62 62 62 63 64 66 66 67 67 68 70 71 73 75 74 73 73 74 72 71 72 73 74 74 75 75 75 76 -9999 -9999 -9999 -9999 -9999 -9999 -9999 -9999 -9999 -9999
28 29 31 32 33 35 37 37 39 37 36 36 36 38 40 41 41 40 39 37 36 37 38 41 42 44 44 44 44 43 43 45 48 50 53 56 58 60 62 64 65 65 66 68 69 70 71 71 73 73 72 72 73 73 73 73 74 72 73 74 74 75 76 77 78 78 78 -9999 -9999 -9999 -9999 -9999 -9999 -9999 -9999 -9999 -9999
24 25 27 30 32 34 36 37 38 39 39 40 39 40 41 42 43 42 40 39 38 38 40 42 44 45 46 47 48 47 46 46 47 49 51 54 57 60 63 65 66 67 68 69 70 72 73 75 75 75 73 74 74 74 75 75 75 75 74 75 76 76 77 78 78 78 -9999 -9999 -9999 -9999 -9999 -9999 -9999 -9999 -9999 -9999 -9999
23 24 26 28 30 32 33 35 37 38 40 41 42 43 44 46 46 45 43 42 42 42 43 44 46 47 47 48 49 49 48 47 47 49 50 53 56 60 62 64 65 67 68 69 70 72 73 74 75 74 75 76 76 76 77 77 77 76 76 77 78 78 78 78 78 -9999 -9999 -9999 -9999 -9999 -9999 -9999 -9999 -9999 -9999 -9999 -9999
24 25 26 28 30 31 31 34 36 38 40 42 44 46 47 48 48 48 47 47 47 46 46 47 49 49 50 50 50 50 50 49 48 49 52 53 54 56 59 61 63 66 68 68 70 70 71 72 73 74 75 76 77 77 77 78 77 77 77 79 80 81 80 79 -9999 -9999 -9999 -9999 -9999 -9999 -9999 -9999 -9999 -9999 -9999 -9999 -9999
25 26 27 29 30 32 32 34 37 39 41 44 45 47 48 49 50 51 52 53 53 53 53 51 52 52 53 53 53 52 52 51 51 52 54 55 54 54 55 56 60 63 65 67 68 69 70 71 71 73 73 74 76 76 76 77 77 78 79 80 80 81 80 79 -9999 -9999 -9999 -9999 -9999 -9999 -9999 -9999 -9999 -9999 -9999 -9999 -9999
27 28 29 31 32 33 35 37 39 41 43 44 46 48 49 51 51 53 55 57 58 58 58 57 57 55 55 55 55 54 54 54 54 54 56 57 56 56 55 56 56 58 61 64 65 67 68 69 69 70 71 72 73 74 76 76 77 78 79 79 79 79 79 -9999 -9999 -9999 -9999 -9999 -9999 -9999 -9999 -9999 -9999 -9999 -9999 -9999 -9999
31 32 33 33 34 36 39 41 41 42 44 45 47 48 49 51 52 54 55 58 59 60 61 60 60 59 58 58 57 57 57 57 56 55 56 57 58 58 58 58 59 58 59 60 62 65 66 67 67 68 69 70 72 73 74 75 75 76 77 77 77 78 -9999 -9999 -9999 -9999 -9999 -9999 -9999 -9999 -9999 -9999 -9999 -9999 -9999 -9999 -9999
33 34 35 35 38 39 40 41 42 42 44 45 46 47 49 50 52 54 56 58 60 61 61 62 62 61 61 62 62 61 60 59 58 59 60 60 61 61 60 60 60 60 61 62 62 63 64 65 65 66 68 70 71 72 73 73 74 75 75 76 76 77 -9999 -9999 -9999 -9999 -9999 -9999 -9999 -9999 -9999 -9999 -9999 -9999 -9999 -9999 -9999
34 35 36 37 38 40 40 39 40 41 42 43 44 45 48 50 52 54 55 58 60 61 62 63 65 65 65 66 66 66 65 64 63 63 64 64 64 63 63 63 63 63 64 64 64 63 63 63 64 66 67 69 71 73 74 73 73 73 74 74 74 -9999 -9999 -9999 -9999 -9999 -9999 -9999 -9999 -9999 -9999 -9999 -9999 -9999 -9999 -9999 -9999
34 35 36 37 37 37 37 37 38 39 40 41 42 44 46 48 51 53 55 57 60 62 64 65 67 67 68 68 69 71 71 70 68 66 66 67 66 66 65 65 65 65 65 65 64 63 63 64 64 65 66 68 70 72 73 73 72 72 72 73 -9999 -9999 -9999 -9999 -9999 -9999 -9999 -9999 -9999 -9999 -9999 -9999 -9999 -9999 -9999 -9999 -9999
34 34 33 34 34 34 34 34 36 36 38 40 42 43 45 48 50 52 55 58 61 64 67 70 69 70 70 71 73 74 74 73 71 69 68 68 68 68 68 67 67 67 66 65 64 63 64 64 65 65 66 66 69 71 72 72 72 71 72 -9999 -9999 -9999 -9999 -9999 -9999 -9999 -9999 -9999 -9999 -9999 -9999 -9999 -9999 -9999 -9999 -9999 -9999
32 31 30 31 31 32 32 33 34 35 37 39 42 43 45 48 50 53 56 59 62 66 71 72 71 71 71 73 75 75 75 73 72 71 70 70 70 70 70 69 68 67 67 66 65 66 65 66 66 66 66 66 68 70 71 71 71 72 73 -9999 -9999 -9999 -9999 -9999 -9999 -9999 -9999 -9999 -9999 -9999 -9999 -9999 -9999 -9999 -9999 -9999 -9999
28 28 29 30 30 30 32 33 34 35 37 39 42 45 46 49 51 55 58 60 63 67 72 72 71 71 71 72 74 75 76 76 74 72 70 71 71 71 71 70 69 69 68 68 67 68 68 68 66 66 66 68 68 70 71 72 72 72 -9999 -9999 -9999 -9999 -9999 -9999 -9999 -9999 -9999 -9999 -9999 -9999 -9999 -9999 -9999 -9999 -9999 -9999 -9999
27 28 29 30 30 30 31 33 34 36 37 39 42 45 47 49 52 56 60 62 63 65 67 69 69 69 69 70 72 74 76 76 75 72 70 69 70 71 71 71 71 70 69 69 70 71 71 70 69 69 69 69 70 71 71 72 73 -9999 -9999 -9999 -9999 -9999 -9999 -9999 -9999 -9999 -9999 -9999 -9999 -9999 -9999 -9999 -9999 -9999 -9999 -9999 -9999
27 27 29 29 30 30 31 33 34 36 37 40 43 46 48 50 54 57 60 61 63 64 65 65 65 66 66 67 67 68 69 71 70 69 69 70 71 72 72 71 71 71 70 71 71 72 74 73 72 71 71 71 71 71 72 73 -9999 -9999 -9999 -9999 -9999 -9999 -9999 -9999 -9999 -9999 -9999 -9999 -9999 -9999 -9999 -9999 -9999 -9999 -9999 -9999 -9999
27 27 28 28 29 29 31 32 34 35 37 40 42 45 47 50 51 55 57 58 60 61 62 62 62 63 63 63 64 63 63 64 66 67 68 69 71 72 71 72 72 72 71 71 71 74 75 75 75 75 74 74 73 72 73 -9999 -9999 -9999 -9999 -9999 -9999 -9999 -9999 -9999 -9999 -9999 -9999 -9999 -9999 -9999 -9999 -9999 -9999 -9999 -9999 -9999 -9999
27 28 28 29 29 30 31 33 34 35 37 39 41 43 45 47 49 51 53 54 56 57 57 58 59 60 60 60 60 60 61 62 64 65 66 68 69 71 72 72 73 73 73 72 72 72 74 75 76 76 76 76 76 -9999 -9999 -9999 -9999 -9999 -9999 -9999 -9999 -9999 -9999 -9999 -9999 -9999 -9999 -9999 -9999 -9999 -9999 -9999 -9999 -9999 -9999 -9999 -9999
29 30 30 31 32 35 35 35 35 35 36 37 39 41 43 45 47 48 49 51 52 53 54 55 56 56 56 57 58 59 60 61 62 64 66 66 69 70 71 71 72 73 73 73 73 73 73 73 74 75 76 78 -9999 -9999 -9999 -9999 -9999 -9999 -9999 -9999 -9999 -9999 -9999 -9999 -9999 -9999 -9999 -9999 -9999 -9999 -9999 -9999 -9999 -9999 -9999 -9999 -9999
30 31 31 32 33 34 35 35 36 36 36 36 38 39 41 43 45 47 48 48 48 49 50 52 52 52 53 55 58 59 60 61 62 64 65 65 67 69 70 71 71 72 72 71 71 70 71 72 74 75 76 -9999 -9999 -9999 -9999 -9999 -9999 -9999 -9999 -9999 -9999 -9999 -9999 -9999 -9999 -9999 -9999 -9999 -9999 -9999 -9999 -9999 -9999 -9999 -9999 -9999 -9999
30 30 31 32 32 32 33 34 35 35 35 35 37 38 39 40 43 44 45 45 45 45 47 48 50 51 53 55 56 58 59 61 62 63 64 64 66 68 69 70 70 69 70 69 68 68 69 70 72 73 -9999 -9999 -9999 -9999 -9999 -9999 -9999 -9999 -9999 -9999 -9999 -9999 -9999 -9999 -9999 -9999 -9999 -9999 -9999 -9999 -9999 -9999 -9999 -9999 -9999 -9999 -9999
29 30 31 31 32 32 31 32 33 33 33 34 35 36 36 37 39 41 42 43 43 45 46 48 49 51 52 54 54 56 58 61 62 63 63 63 64 66 67 68 68 68 67 67 66 67 68 69 70 -9999 -9999 -9999 -9999 -9999 -9999 -9999 -9999 -9999 -9999 -9999 -9999 -9999 -9999 -9999 -9999 -9999 -9999 -9999 -9999 -9999 -9999 -9999 -9999 -9999 -9999 -9999 -9999
28 28 29 30 31 31 30 31 31 31 32 33 33 34 35 36 37 40 42 43 44 44 46 48 49 50 51 53 55 56 59 60 62 62 63 63 63 65 65 65 66 66 65 64 65 66 67 68 -9999 -9999 -9999 -9999 -9999 -9999 -9999 -9999 -9999 -9999 -9999 -9999 -9999 -9999 -9999 -9999 -9999 -9999 -9999 -9999 -9999 -9999 -9999 -9999 -9999 -9999 -9999 -9999 -9999
26 26 27 29 30 30 30 30 31 31 32 33 33 34 34 35 37 39 41 43 44 44 46 48 49 51 51 54 56 57 59 60 61 62 63 64 64 64 64 63 63 63 62 62 63 64 66 -9999 -9999 -9999 -9999 -9999 -9999 -9999 -9999 -9999 -9999 -9999 -9999 -9999 -9999 -9999 -9999 -9999 -9999 -9999 -9999 -9999 -9999 -9999 -9999 -9999 -9999 -9999 -9999 -9999 -9999
25 27 28 29 29 30 30 30 30 32 33 33 34 33 34 35 36 38 40 42 44 45 46 48 49 51 52 54 56 57 58 58 61 63 64 64 63 62 62 61 61 61 61 60 62 64 -9999 -9999 -9999 -9999 -9999 -9999 -9999 -9999 -9999 -9999 -9999 -9999 -9999 -9999 -9999 -9999 -9999 -9999 -9999 -9999 -9999 -9999 -9999 -9999 -9999 -9999 -9999 -9999 -9999 -9999 -9999
25 27 28 29 29 29 30 30 31 32 32 33 33 33 33 34 36 37 39 41 42 44 46 47 49 51 53 55 55 57 58 59 61 62 63 62 61 60 59 59 59 59 59 60 -9999 -9999 -9999 -9999 -9999 -9999 -9999 -9999 -9999 -9999 -9999 -9999 -9999 -9999 -9999 -9999 -9999 -9999 -9999 -9999 -9999 -9999 -9999 -9999 -9999 -9999 -9999 -9999 -9999 -9999 -9999 -9999 -9999
25 26 27 28 28 29 29 30 30 31 31 31 32 33 33 34 36 37 39 40 42 43 45 46 48 49 52 53 55 56 57 59 61 61 60 60 58 58 57 56 57 58 59 -9999 -9999 -9999 -9999 -9999 -9999 -9999 -9999 -9999 -9999 -9999 -9999 -9999 -9999 -9999 -9999 -9999 -9999 -9999 -9999 -9999 -9999 -9999 -9999 -9999 -9999 -9999 -9999 -9999 -9999 -9999 -9999 -9999 -9999
23 25 26 27 28 29 29 29 29 29 29 30 31 32 33 34 35 37 38 40 40 42 44 45 46 47 48 51 52 53 55 56 58 58 57 56 56 56 55 55 56 57 -9999 -9999 -9999 -9999 -9999 -9999 -9999 -9999 -9999 -9999 -9999 -9999 -9999 -9999 -9999 -9999 -9999 -9999 -9999 -9999 -9999 -9999 -9999 -9999 -9999 -9999 -9999 -9999 -9999 -9999 -9999 -9999 -9999 -9999 -9999
23 24 24 26 27 28 28 28 28 28 29 30 31 32 33 34 35 36 37 38 40 41 43 44 44 45 46 47 48 50 51 52 53 53 54 54 54 54 54 54 54 -9999 -9999 -9999 -9999 -9999 -9999 -9999 -9999 -9999 -9999 -9999 -9999 -9999 -9999 -9999 -9999 -9999 -9999 -9999 -9999 -9999 -9999 -9999 -9999 -9999 -9999 -9999 -9999 -9999 -9999 -9999 -9999 -9999 -9999 -9999 -9999
