3/spatial_data/dem.asc
ncols 600
nrows 300
xllcorner -1.500000
yllcorner 47.000000
cellsize 0.000833
NODATA_value -9999
[rows 34 to 67 of 300, columns 154 to 230 of 600]
-9999 -9999 -9999 -9999 -9999 -9999 -9999 -9999 -9999 -9999 -9999 -9999 -9999 -9999 -9999 -9999 -9999 -9999 -9999 -9999 -9999 -9999 -9999 -9999 -9999 -9999 -9999 -9999 26 27 29 29 28 27 26 25 25 24 24 24 25 27 28 28 27 26 25 24 23 23 25 27 26 26 26 28 29 30 35 36 38 38 39 40 41 43 45 47 47 47 49 51 53 55 54 55 56
-9999 -9999 -9999 -9999 -9999 -9999 -9999 -9999 -9999 -9999 -9999 -9999 -9999 -9999 -9999 -9999 -9999 -9999 -9999 -9999 -9999 -9999 -9999 -9999 -9999 -9999 -9999 26 27 27 27 26 25 24 22 22 21 20 19 19 20 20 21 21 21 21 22 23 23 23 24 26 30 32 35 37 38 38 39 41 42 44 46 47 49 50 51 52 52 52 53 55 58 59 59 58 59
-9999 -9999 -9999 -9999 -9999 -9999 -9999 -9999 -9999 -9999 -9999 -9999 -9999 -9999 -9999 -9999 -9999 -9999 -9999 -9999 -9999 -9999 -9999 -9999 -9999 -9999 26 26 26 24 23 22 21 20 19 18 17 16 16 16 16 17 18 18 18 19 22 25 28 30 32 34 37 38 40 43 45 46 46 47 50 51 53 55 56 58 57 57 57 58 59 60 61 62 62 62 63
-9999 -9999 -9999 -9999 -9999 -9999 -9999 -9999 -9999 -9999 -9999 -9999 -9999 -9999 -9999 -9999 -9999 -9999 -9999 -9999 -9999 -9999 -9999 -9999 26 26 24 23 22 20 19 19 18 17 16 16 16 16 16 16 16 16 18 18 20 21 23 27 31 34 38 41 43 45 46 47 50 51 52 54 55 57 58 59 60 61 61 61 61 62 63 64 65 65 65 66 69
-9999 -9999 -9999 -9999 -9999 -9999 -9999 -9999 -9999 -9999 -9999 -9999 -9999 -9999 -9999 -9999 -9999 -9999 -9999 -9999 -9999 27 26 25 24 22 20 18 17 16 16 16 16 15 15 15 15 16 16 16 17 17 18 19 20 23 25 28 31 36 40 43 46 48 50 51 53 55 56 57 59 60 61 62 62 63 63 63 64 65 66 67 68 68 69 70 72
-9999 -9999 -9999 -9999 -9999 -9999 -9999 -9999 -9999 -9999 -9999 -9999 -9999 -9999 -9999 -9999 -9999 -9999 32 32 29 27 25 23 20 18 16 14 14 13 14 13 14 13 13 13 14 15 16 16 17 17 18 19 21 23 24 28 31 35 40 44 46 49 52 53 55 56 57 58 60 61 62 63 63 63 64 64 65 67 69 70 70 70 71 72 73
-9999 -9999 -9999 -9999 -9999 -9999 -9999 -9999 -9999 -9999 -9999 -9999 -9999 -9999 31 32 32 32 32 30 27 24 22 19 16 13 12 12 12 12 12 12 13 12 11 12 13 15 16 17 17 18 19 20 21 23 24 27 31 34 39 43 45 48 51 52 54 55 56 57 59 60 61 62 62 62 62 63 65 68 70 70 70 70 71 72 72
-9999 -9999 -9999 -9999 -9999 -9999 -9999 -9999 -9999 -9999 -9999 32 31 29 29 28 28 28 27 26 24 20 16 13 10 10 10 10 11 12 13 12 11 11 11 12 14 15 16 17 17 18 19 20 21 23 25 26 30 34 38 41 44 46 48 49 51 52 53 55 56 57 58 59 58 59 61 63 65 67 68 69 68 69 70 71 73
-9999 -9999 -9999 -9999 -9999 -9999 -9999 -9999 35 32 31 30 29 27 25 22 21 21 21 20 17 14 11 10 9 8 8 8 9 10 11 10 11 11 12 13 13 15 15 16 17 18 19 20 21 23 25 26 30 33 36 39 40 42 44 45 47 48 49 51 53 54 56 56 57 59 61 63 65 66 66 65 66 67 69 70 72
-9999 -9999 -9999 -9999 -9999 36 34 32 31 29 28 27 25 23 19 16 14 12 12 11 11 10 9 8 8 8 8 8 8 8 9 10 10 11 12 13 13 14 15 15 16 17 18 20 21 23 25 26 28 32 34 35 36 38 39 41 43 45 47 49 50 52 54 55 56 58 60 62 63 63 63 64 65 67 68 70 71
-9999 -9999 -9999 -9999 32 30 29 27 25 24 22 20 17 15 12 10 8 6 7 8 8 8 8 8 8 8 8 8 8 9 9 10 10 11 11 12 13 13 14 15 15 16 18 19 21 22 24 25 27 29 31 32 32 34 35 37 39 42 45 47 48 51 53 55 56 57 58 60 60 60 61 63 66 69 70 71 71
-9999 -9999 -9999 -9999 28 25 23 22 19 18 15 14 10 8 7 5 5 5 7 7 7 8 8 8 8 8 8 8 8 9 10 10 10 11 11 11 11 12 13 14 15 16 17 18 19 20 22 24 25 26 27 28 29 30 33 34 37 39 42 44 46 50 52 54 55 55 56 57 57 59 62 64 67 70 72 72 72
-9999 -9999 -9999 -9999 23 20 17 16 15 13 11 8 7 6 5 5 5 5 6 7 7 7 8 9 9 9 9 8 8 9 9 9 10 10 10 10 10 11 12 14 14 15 16 17 18 19 20 22 23 24 25 26 28 29 31 33 35 38 39 42 45 48 50 51 52 52 53 54 57 59 62 65 68 70 71 71 71
-9999 -9999 -9999 -9999 16 13 12 10 9 8 7 6 5 4 5 5 5 5 5 6 6 7 8 8 9 9 8 8 8 8 8 8 9 9 9 9 10 10 11 12 13 14 15 16 17 18 19 21 21 22 23 25 27 29 30 32 35 37 39 39 41 44 46 48 49 50 52 55 56 59 63 65 67 69 70 69 69
-9999 -9999 -9999 -9999 8 8 7 7 6 5 3 3 3 4 4 4 3 4 4 5 6 7 8 8 8 8 8 7 7 7 7 7 8 8 8 9 9 9 10 11 12 12 14 15 16 18 17 19 19 20 21 23 25 27 29 32 33 35 37 37 38 40 42 45 47 48 51 53 56 60 62 64 67 68 67 67 67
-9999 -9999 -9999 -9999 4 5 6 6 4 3 2 2 2 2 3 4 3 3 3 4 5 7 7 7 6 7 6 7 6 6 6 7 7 8 8 8 8 9 10 10 11 13 14 14 15 16 16 17 18 19 20 21 22 24 27 29 31 32 34 36 37 39 41 43 45 47 49 51 54 57 61 64 65 66 66 65 64
-9999 -9999 -9999 -9999 3 3 4 4 4 4 3 2 2 2 3 3 3 3 4 4 4 6 6 5 5 5 5 5 5 5 6 7 8 8 8 8 8 8 9 10 11 12 13 13 14 14 15 16 17 18 19 21 22 22 24 27 30 32 33 35 37 40 41 42 43 44 46 48 51 55 59 62 63 62 62 61 61
-9999 -9999 -9999 -9999 3 2 2 3 3 4 4 3 2 2 2 3 4 4 3 3 4 4 5 4 4 4 4 5 5 6 6 7 8 8 7 7 8 8 8 10 10 11 12 12 13 13 14 15 17 17 18 19 20 21 23 26 30 33 34 36 38 40 41 41 41 41 42 44 47 51 55 57 58 57 56 57 58
-9999 -9999 -9999 -9999 3 2 2 2 2 4 4 4 3 2 2 3 5 5 4 4 4 4 5 4 4 4 4 4 6 6 6 6 7 6 6 7 7 7 8 8 9 10 11 11 11 11 13 14 15 16 17 18 19 20 23 26 31 33 37 38 39 40 41 40 39 40 40 41 42 44 47 49 50 51 53 54 56
-9999 -9999 -9999 -9999 2 2 2 2 2 2 2 3 2 2 2 3 4 4 4 5 4 4 4 4 4 4 4 4 5 6 6 6 6 6 6 6 6 7 7 7 8 8 9 9 10 11 12 12 13 14 15 16 17 18 21 25 29 34 38 39 40 41 40 39 38 38 38 39 39 40 40 41 44 47 50 53 56
-9999 -9999 -9999 -9999 2 2 2 2 2 2 2 2 2 2 2 3 4 4 4 5 6 5 4 4 4 4 4 4 4 5 5 5 5 5 5 6 6 6 6 7 7 9 9 8 9 10 11 12 11 13 14 15 15 18 19 23 27 31 35 37 37 38 37 36 36 36 36 36 36 35 35 38 41 43 47 51 55
-9999 -9999 -9999 1 2 3 2 2 2 2 2 2 2 2 2 3 4 4 4 4 5 4 4 4 4 4 4 4 4 4 4 6 6 6 6 6 5 5 5 7 8 8 9 8 9 10 10 10 11 11 13 14 15 16 18 21 25 29 33 35 36 35 34 34 33 34 34 34 33 33 34 36 39 41 44 48 52
-9999 -9999 -9999 2 2 3 2 2 3 3 3 2 2 2 2 2 4 5 4 4 4 4 4 4 4 4 4 5 5 4 4 5 6 6 6 5 5 5 6 7 8 8 8 8 8 9 10 10 11 11 12 13 14 16 18 20 23 26 29 31 32 32 32 32 32 33 33 33 32 32 33 35 38 40 43 46 50
-9999 -9999 -9999 2 2 1 1 2 3 2 2 4 4 3 3 2 4 5 5 4 4 4 4 4 5 4 4 4 4 5 5 6 5 5 5 5 5 5 5 7 7 8 8 8 8 8 9 11 11 11 12 13 15 17 19 19 20 23 24 26 27 28 28 30 31 32 33 32 32 32 33 35 37 39 42 46 49
-9999 -9999 -9999 1 2 1 1 1 1 1 2 3 4 4 2 2 3 4 4 4 4 4 4 4 5 4 4 4 4 4 5 6 6 5 5 6 6 6 6 7 7 8 8 8 8 8 9 10 11 12 13 14 15 17 19 19 19 20 21 22 23 25 27 29 30 31 32 33 33 33 33 35 37 40 43 45 49
-9999 -9999 -9999 0 3 1 2 1 1 2 3 3 2 2 2 3 3 4 4 5 4 4 4 4 4 4 4 4 4 4 6 6 6 5 6 6 7 7 7 8 7 8 8 8 8 8 9 10 11 12 12 14 16 16 17 18 18 18 18 19 21 23 25 27 29 30 31 32 33 33 34 36 38 39 43 46 49
-9999 -9999 -9999 -9999 0 -1 -1 0 1 3 2 2 2 2 2 2 2 3 4 5 4 4 4 4 5 4 4 4 4 5 5 5 5 6 6 7 8 8 8 8 8 8 8 9 9 10 10 10 12 12 12 13 14 15 16 16 16 16 16 17 19 22 25 26 29 31 31 32 33 34 35 36 38 39 42 45 48
-9999 -9999 -9999 -9999 0 -1 -1 -1 0 1 2 1 1 2 2 2 2 3 3 4 4 3 4 4 4 4 4 4 4 4 4 5 5 6 7 6 8 8 8 8 8 8 8 9 10 10 11 11 12 12 12 12 13 14 15 16 16 16 16 17 19 21 23 26 29 31 33 34 34 34 35 36 37 38 40 43 46
-9999 -9999 -9999 -9999 0 -1 -1 -1 -1 -1 0 0 1 2 2 2 2 3 3 3 3 3 3 4 4 5 5 4 4 4 5 5 5 6 6 7 7 7 7 7 8 8 8 8 9 10 11 12 12 12 12 12 13 14 15 16 16 17 17 18 19 20 22 25 28 31 33 33 33 34 33 33 34 36 38 40 40
-9999 -9999 -9999 -9999 2 -1 -1 -1 -1 -1 -1 0 0 1 2 3 4 3 3 3 3 3 3 4 4 5 5 5 5 5 5 5 6 7 7 7 7 7 7 7 8 8 8 8 9 10 11 10 11 11 12 12 13 13 14 16 16 17 18 19 20 20 21 24 26 29 31 32 32 32 32 31 31 32 34 35 35
-9999 -9999 -9999 -9999 1 -1 -1 -1 -1 -1 -1 -1 -1 0 2 2 4 4 5 3 3 3 3 4 4 4 4 5 5 6 6 6 6 7 7 7 7 7 7 7 7 7 8 9 8 9 10 10 9 11 12 11 11 13 14 15 16 17 18 20 20 20 20 22 24 26 29 30 31 32 31 30 30 30 30 31 32
-9999 -9999 -9999 -9999 1 -1 -1 -1 -1 -1 -1 0 0 -1 0 2 4 5 5 4 4 3 4 4 4 4 4 5 5 6 7 7 7 6 7 7 7 7 7 8 8 7 8 8 8 9 10 9 10 10 11 11 12 13 15 16 16 17 19 19 20 21 21 21 22 24 25 27 29 30 30 29 28 28 28 29 32
-9999 -9999 -9999 -9999 0 0 2 1 -1 -1 0 1 0 0 1 3 3 4 5 6 6 4 4 5 4 4 4 5 5 5 6 6 7 7 7 7 7 7 8 11 13 11 8 8 9 9 9 10 11 11 12 12 13 14 16 17 17 18 19 20 20 20 20 20 20 20 22 23 25 26 27 26 25 25 26 29 33
-9999 -9999 -9999 -9999 -1 0 0 -1 -1 0 0 0 -1 0 0 1 2 2 3 5 5 4 4 4 5 4 4 5 5 5 5 6 7 8 7 7 7 9 11 13 14 13 11 11 11 12 10 11 12 12 12 12 13 15 16 17 18 19 20 20 20 19 19 17 17 17 19 20 21 21 21 21 21 23 25 29 34
