3/spatial_data/dem.asc
ncols 600
nrows 300
xllcorner -1.500000
yllcorner 47.000000
cellsize 0.000833
NODATA_value -9999
[rows 0 to 33 of 300, columns 231 to 307 of 600]
-9999 -9999 -9999 -9999 -9999 -9999 -9999 -9999 -9999 -9999 -9999 -9999 -9999 -9999 -9999 -9999 -9999 -9999 -9999 -9999 -9999 -9999 -9999 -9999 -9999 -9999 -9999 -9999 -9999 -9999 -9999 -9999 -9999 -9999 -9999 -9999 -9999 -9999 -9999 -9999 -9999 -9999 -9999 -9999 -9999 -9999 -9999 -9999 -9999 -9999 -9999 -9999 -9999 -9999 -9999 -9999 -9999 -9999 -9999 -9999 -9999 -9999 -9999 -9999 -9999 -9999 -9999 -9999 -9999 -9999 -9999 -9999 -9999 -9999 -9999 -9999 -9999
-9999 -9999 -9999 -9999 -9999 -9999 -9999 -9999 -9999 -9999 -9999 -9999 -9999 -9999 -9999 -9999 -9999 -9999 -9999 -9999 -9999 -9999 -9999 -9999 -9999 -9999 -9999 -9999 -9999 -9999 -9999 -9999 -9999 -9999 -9999 -9999 -9999 -9999 -9999 -9999 -9999 -9999 -9999 -9999 -9999 -9999 -9999 -9999 -9999 -9999 -9999 -9999 -9999 -9999 -9999 -9999 -9999 -9999 -9999 -9999 -9999 -9999 -9999 -9999 -9999 -9999 -9999 -9999 -9999 -9999 -9999 -9999 -9999 -9999 -9999 -9999 -9999
70 71 71 73 74 75 76 76 77 78 80 80 81 81 -9999 -9999 -9999 -9999 -9999 81 80 81 82 82 82 82 83 82 83 -9999 -9999 -9999 -9999 -9999 -9999 -9999 -9999 -9999 -9999 -9999 -9999 -9999 -9999 -9999 -9999 -9999 -9999 -9999 -9999 -9999 -9999 -9999 -9999 -9999 -9999 -9999 -9999 -9999 -9999 -9999 -9999 -9999 -9999 -9999 -9999 -9999 -9999 -9999 -9999 -9999 -9999 -9999 -9999 -9999 -9999 -9999 -9999
70 71 72 73 75 75 77 78 79 79 80 80 80 80 80 80 80 81 80 80 80 80 81 81 82 82 82 82 82 83 -9999 -9999 -9999 -9999 -9999 -9999 -9999 -9999 -9999 -9999 -9999 -9999 -9999 -9999 -9999 -9999 -9999 -9999 -9999 -9999 -9999 -9999 -9999 -9999 -9999 -9999 -9999 -9999 -9999 -9999 -9999 -9999 -9999 -9999 -9999 -9999 -9999 -9999 -9999 -9999 -9999 -9999 -9999 -9999 -9999 -9999 -9999
70 71 72 73 76 76 78 79 80 80 81 81 81 80 81 81 81 81 81 80 80 81 80 80 81 81 82 82 82 82 -9999 -9999 -9999 -9999 -9999 -9999 -9999 -9999 -9999 -9999 -9999 -9999 -9999 -9999 -9999 -9999 -9999 -9999 -9999 -9999 -9999 -9999 -9999 -9999 -9999 -9999 -9999 -9999 -9999 -9999 -9999 -9999 -9999 -9999 -9999 -9999 -9999 -9999 -9999 -9999 -9999 -9999 -9999 -9999 -9999 -9999 -9999
70 70 71 74 75 77 79 80 80 80 82 83 82 81 81 81 81 81 80 80 80 81 80 80 80 81 80 81 81 82 82 -9999 -9999 -9999 -9999 -9999 -9999 -9999 -9999 -9999 -9999 -9999 -9999 -9999 -9999 -9999 -9999 -9999 -9999 -9999 -9999 -9999 -9999 -9999 -9999 -9999 -9999 -9999 -9999 -9999 -9999 -9999 -9999 -9999 -9999 -9999 -9999 -9999 -9999 -9999 -9999 -9999 -9999 -9999 -9999 -9999 -9999
70 70 72 74 76 78 79 80 80 80 81 81 81 80 81 82 81 80 80 81 80 80 80 80 80 80 79 80 80 81 82 -9999 -9999 -9999 -9999 -9999 -9999 -9999 -9999 -9999 -9999 -9999 -9999 -9999 -9999 -9999 -9999 -9999 -9999 -9999 -9999 -9999 -9999 -9999 -9999 -9999 -9999 -9999 -9999 -9999 -9999 -9999 -9999 -9999 -9999 -9999 -9999 -9999 -9999 -9999 -9999 -9999 -9999 -9999 -9999 -9999 -9999
70 72 74 75 76 78 79 79 80 79 80 80 80 80 81 80 81 80 80 80 80 78 79 79 79 78 78 79 80 81 82 83 -9999 -9999 -9999 -9999 -9999 -9999 -9999 -9999 -9999 -9999 -9999 -9999 -9999 -9999 -9999 -9999 -9999 -9999 -9999 -9999 -9999 -9999 -9999 -9999 -9999 -9999 -9999 -9999 -9999 -9999 -9999 -9999 -9999 -9999 -9999 -9999 -9999 -9999 -9999 -9999 -9999 -9999 -9999 -9999 -9999
71 73 75 76 76 78 79 79 79 78 79 80 79 79 79 80 80 80 80 80 79 79 77 77 77 78 78 79 81 81 82 82 -9999 -9999 -9999 -9999 -9999 -9999 -9999 -9999 -9999 -9999 -9999 -9999 -9999 -9999 -9999 -9999 -9999 -9999 -9999 -9999 -9999 -9999 -9999 -9999 -9999 -9999 -9999 -9999 -9999 -9999 -9999 -9999 -9999 -9999 -9999 -9999 -9999 -9999 -9999 -9999 -9999 -9999 -9999 -9999 -9999
73 74 75 76 78 78 79 79 79 78 78 79 79 78 78 79 79 79 79 79 78 77 76 76 77 77 78 80 81 81 82 82 82 -9999 -9999 -9999 -9999 -9999 -9999 -9999 -9999 -9999 -9999 -9999 -9999 -9999 -9999 -9999 -9999 -9999 -9999 -9999 -9999 -9999 -9999 -9999 -9999 -9999 -9999 -9999 -9999 -9999 -9999 -9999 -9999 -9999 -9999 -9999 -9999 -9999 -9999 -9999 -9999 -9999 -9999 -9999 -9999
74 75 76 77 78 79 79 79 79 78 78 78 78 78 78 78 78 78 77 76 76 75 75 76 77 78 78 79 80 81 81 81 81 -9999 -9999 -9999 -9999 -9999 -9999 -9999 -9999 -9999 -9999 -9999 -9999 -9999 -9999 -9999 -9999 -9999 -9999 -9999 -9999 -9999 -9999 -9999 -9999 -9999 -9999 -9999 -9999 -9999 -9999 -9999 -9999 -9999 -9999 -9999 -9999 -9999 -9999 -9999 -9999 -9999 -9999 -9999 -9999
74 75 76 78 79 79 79 78 78 77 77 77 78 78 77 76 76 76 75 74 74 74 75 76 77 78 79 80 80 79 80 80 80 81 -9999 -9999 -9999 -9999 -9999 -9999 -9999 -9999 -9999 -9999 -9999 -9999 -9999 -9999 -9999 -9999 -9999 -9999 -9999 -9999 -9999 -9999 -9999 -9999 -9999 -9999 -9999 -9999 -9999 -9999 -9999 -9999 -9999 -9999 -9999 -9999 -9999 -9999 -9999 -9999 -9999 -9999 -9999
74 76 77 78 78 78 77 77 76 76 76 76 77 77 76 75 74 73 74 73 74 75 76 77 78 78 79 79 79 78 79 79 80 80 -9999 -9999 -9999 -9999 -9999 -9999 -9999 -9999 -9999 -9999 -9999 -9999 -9999 -9999 -9999 -9999 -9999 -9999 -9999 -9999 -9999 -9999 -9999 -9999 -9999 -9999 -9999 -9999 -9999 -9999 -9999 -9999 -9999 -9999 -9999 -9999 -9999 -9999 -9999 -9999 -9999 -9999 -9999
75 76 77 78 78 77 76 75 75 75 76 76 76 76 74 73 73 73 73 74 75 76 77 77 78 78 78 78 78 77 77 77 78 77 -9999 -9999 -9999 -9999 -9999 -9999 -9999 -9999 -9999 -9999 -9999 -9999 -9999 -9999 -9999 -9999 -9999 -9999 -9999 -9999 -9999 -9999 -9999 -9999 -9999 -9999 -9999 -9999 -9999 -9999 -9999 -9999 -9999 -9999 -9999 -9999 -9999 -9999 -9999 -9999 -9999 -9999 -9999
75 76 76 76 77 77 76 75 74 74 74 74 74 74 73 73 73 73 75 75 76 77 77 77 76 76 76 76 75 75 75 76 75 75 76 -9999 -9999 -9999 -9999 -9999 -9999 -9999 -9999 -9999 -9999 -9999 -9999 -9999 -9999 -9999 -9999 -9999 -9999 -9999 -9999 -9999 -9999 -9999 -9999 -9999 -9999 -9999 -9999 -9999 -9999 -9999 -9999 -9999 -9999 -9999 -9999 -9999 -9999 -9999 -9999 -9999 -9999
76 76 76 76 77 77 76 75 73 73 72 73 72 73 73 74 75 75 76 76 75 76 75 75 75 74 74 74 75 75 75 75 76 77 77 -9999 -9999 -9999 -9999 -9999 -9999 -9999 -9999 -9999 -9999 -9999 -9999 -9999 -9999 -9999 -9999 -9999 -9999 -9999 -9999 -9999 -9999 -9999 -9999 -9999 -9999 -9999 -9999 -9999 -9999 -9999 -9999 -9999 -9999 -9999 -9999 -9999 -9999 -9999 -9999 -9999 -9999
75 75 75 75 76 76 75 74 73 72 71 71 71 72 74 75 75 76 75 75 74 74 74 73 73 72 72 74 75 75 76 77 78 79 80 81 -9999 -9999 -9999 -9999 -9999 -9999 -9999 -9999 -9999 -9999 -9999 -9999 -9999 -9999 -9999 -9999 -9999 -9999 -9999 -9999 -9999 -9999 -9999 -9999 -9999 -9999 -9999 -9999 -9999 -9999 -9999 -9999 -9999 -9999 -9999 -9999 -9999 -9999 -9999 -9999 -9999
73 72 73 74 75 74 74 72 71 70 71 72 73 74 74 76 75 75 73 73 72 72 71 71 71 72 74 75 76 76 78 80 80 81 82 82 -9999 -9999 -9999 -9999 -9999 -9999 -9999 -9999 -9999 -9999 -9999 -9999 -9999 -9999 -9999 -9999 -9999 -9999 -9999 -9999 -9999 -9999 -9999 -9999 -9999 -9999 -9999 -9999 -9999 -9999 -9999 -9999 -9999 -9999 -9999 -9999 -9999 -9999 -9999 -9999 -9999
69 70 71 72 72 72 71 69 69 70 72 73 74 75 74 74 73 73 72 71 71 71 71 71 72 74 75 76 77 78 80 81 82 83 83 83 84 -9999 -9999 -9999 -9999 -9999 -9999 -9999 -9999 -9999 -9999 -9999 -9999 -9999 -9999 -9999 -9999 -9999 -9999 -9999 -9999 -9999 -9999 -9999 -9999 -9999 -9999 -9999 -9999 -9999 -9999 -9999 -9999 -9999 -9999 -9999 -9999 -9999 -9999 -9999 -9999
67 68 70 70 69 68 67 68 70 72 73 73 74 74 73 71 70 70 70 70 71 71 71 71 73 74 76 77 79 79 80 81 83 84 84 84 85 -9999 -9999 -9999 -9999 -9999 -9999 -9999 -9999 -9999 -9999 -9999 -9999 -9999 -9999 -9999 -9999 -9999 -9999 -9999 -9999 -9999 -9999 -9999 -9999 -9999 -9999 -9999 -9999 -9999 -9999 -9999 -9999 -9999 -9999 -9999 -9999 -9999 -9999 -9999 -9999
66 67 67 68 66 66 68 71 72 74 74 74 73 71 70 69 68 68 68 70 71 72 71 72 73 74 76 78 79 79 80 81 83 84 85 86 86 87 -9999 -9999 -9999 -9999 -9999 -9999 -9999 -9999 -9999 -9999 -9999 -9999 -9999 -9999 -9999 -9999 -9999 -9999 -9999 -9999 -9999 -9999 -9999 -9999 -9999 -9999 -9999 -9999 -9999 -9999 -9999 -9999 -9999 -9999 -9999 -9999 -9999 -9999 -9999
65 64 65 66 66 69 71 73 74 74 74 72 70 68 66 66 66 67 68 69 71 72 71 72 73 74 74 76 77 78 79 81 83 84 85 87 87 87 -9999 -9999 -9999 -9999 -9999 -9999 -9999 -9999 -9999 -9999 -9999 -9999 -9999 -9999 -9999 -9999 -9999 -9999 -9999 -9999 -9999 -9999 -9999 -9999 -9999 -9999 -9999 -9999 -9999 -9999 -9999 -9999 -9999 -9999 -9999 -9999 -9999 -9999 -9999
64 62 65 69 71 71 73 74 74 73 72 69 66 63 62 63 64 66 67 69 71 72 72 73 73 73 74 75 77 78 79 81 83 85 85 86 87 88 88 -9999 -9999 -9999 -9999 -9999 87 88 89 88 87 -9999 -9999 -9999 -9999 -9999 -9999 -9999 -9999 -9999 -9999 -9999 -9999 -9999 -9999 -9999 -9999 -9999 -9999 -9999 -9999 -9999 -9999 -9999 -9999 -9999 -9999 -9999 -9999
62 62 67 72 73 74 74 74 72 70 68 65 61 59 60 62 63 64 66 68 71 73 75 75 75 75 76 77 77 78 79 81 83 85 86 87 88 88 88 88 88 87 87 87 86 86 87 87 87 87 88 88 88 88 87 87 87 87 86 85 -9999 -9999 -9999 -9999 -9999 -9999 -9999 -9999 -9999 -9999 -9999 -9999 -9999 -9999 -9999 -9999 -9999
61 64 68 72 74 74 73 71 69 66 63 59 58 58 60 62 63 65 66 69 72 74 77 78 78 78 78 79 80 80 81 82 84 86 87 88 88 88 87 87 87 86 86 85 85 86 85 85 85 85 87 87 86 85 85 85 85 85 85 84 84 -9999 -9999 -9999 -9999 -9999 -9999 -9999 -9999 -9999 -9999 -9999 -9999 -9999 -9999 -9999 -9999
61 65 70 71 72 72 69 67 63 60 57 57 58 59 61 62 64 65 67 70 73 74 76 78 78 78 80 80 81 82 83 84 85 86 88 88 87 87 87 88 87 86 85 84 83 83 84 82 83 84 85 86 84 83 83 84 84 84 84 84 84 86 86 -9999 -9999 -9999 -9999 -9999 -9999 -9999 -9999 -9999 -9999 -9999 -9999 -9999 -9999
63 67 69 70 69 67 64 61 57 55 55 57 58 60 62 63 64 66 68 70 72 74 75 76 77 79 80 80 82 82 83 84 85 86 87 88 88 88 87 87 87 85 85 83 83 81 81 81 82 84 84 83 83 84 83 84 84 84 84 85 86 86 87 87 87 -9999 -9999 -9999 -9999 -9999 -9999 -9999 -9999 -9999 -9999 -9999 -9999
62 66 67 66 63 61 56 54 55 56 56 58 60 61 63 65 66 68 69 70 72 73 75 76 77 79 80 80 81 81 82 83 83 85 86 87 87 87 87 87 86 85 84 83 82 81 81 81 81 82 81 82 84 85 85 84 84 85 85 86 86 87 88 88 88 89 89 -9999 -9999 -9999 -9999 -9999 -9999 -9999 -9999 -9999 -9999
56 58 58 57 54 52 52 53 55 57 59 61 62 64 64 66 68 69 70 72 73 74 75 76 78 79 80 80 80 80 80 81 82 84 86 86 86 86 86 86 85 84 83 82 81 81 81 81 81 81 81 83 85 85 84 84 84 86 86 86 86 87 88 88 89 89 89 90 90 -9999 -9999 -9999 -9999 -9999 -9999 -9999 -9999
51 52 50 50 51 52 53 55 56 59 61 63 65 66 68 69 70 71 72 73 73 74 75 76 77 78 78 78 78 79 81 82 83 85 86 87 86 86 85 85 84 84 82 82 82 81 81 81 81 81 82 83 85 85 85 85 85 86 86 87 87 87 88 89 89 90 90 91 91 92 92 -9999 -9999 -9999 -9999 -9999 -9999
49 49 50 51 52 54 55 57 58 62 64 65 66 68 69 70 71 71 72 73 73 73 75 77 77 77 77 77 78 80 81 82 83 84 86 86 86 86 85 85 84 83 83 81 81 81 81 81 81 82 83 85 86 86 86 85 85 86 87 87 88 88 88 89 90 90 91 91 92 93 92 92 -9999 -9999 -9999 -9999 -9999
49 51 51 53 55 55 56 58 60 62 64 66 66 67 68 69 70 70 71 72 72 74 74 76 76 77 77 78 79 80 81 82 83 84 85 86 86 86 85 85 84 85 84 82 81 81 81 81 81 82 84 85 87 87 86 87 88 88 88 88 89 89 90 90 91 91 92 92 93 94 93 92 91 91 -9999 -9999 -9999
52 53 54 56 58 59 58 59 61 63 64 64 65 66 68 69 70 71 71 73 73 74 76 76 77 77 78 78 80 80 82 83 83 83 84 85 85 86 86 85 85 85 84 82 82 81 80 80 80 82 84 86 87 89 89 89 89 89 89 89 90 91 92 92 91 91 92 92 93 93 93 92 93 91 92 93 -9999
55 56 57 59 61 62 62 63 63 64 65 66 67 68 69 71 72 72 73 73 74 75 76 78 77 78 78 80 81 82 83 83 83 84 85 85 85 87 86 87 85 85 83 83 81 79 79 80 81 83 85 87 89 90 89 89 89 89 90 90 90 91 91 91 90 90 91 92 93 93 93 93 92 92 92 93 94
