3/spatial_data/dem.asc
ncols 600
nrows 300
xllcorner -1.500000
yllcorner 47.000000
cellsize 0.000833
NODATA_value -9999
[rows 68 to 101 of 300, columns 154 to 230 of 600]
-9999 -9999 -9999 -9999 -1 -1 -1 -1 -1 -1 -1 -1 -1 -1 -1 1 2 2 2 2 3 4 4 4 4 4 4 4 4 5 5 6 7 7 7 7 7 10 11 12 14 13 13 12 12 12 12 11 12 12 12 13 14 15 16 17 18 19 19 18 18 16 17 17 17 16 17 18 20 21 21 21 21 21 23 27 31
-9999 -9999 -9999 -9999 -1 0 1 1 0 1 1 0 0 0 0 0 1 1 1 2 3 3 3 4 4 4 4 5 4 4 5 6 6 7 7 8 8 10 11 11 11 12 12 13 13 13 12 12 12 12 13 13 14 15 16 17 18 18 18 16 15 16 16 17 16 16 17 19 21 24 22 21 21 21 21 22 26
-9999 -9999 -9999 -9999 -1 0 1 1 1 1 1 1 1 1 1 1 1 2 3 3 4 3 3 3 3 4 4 5 6 5 4 5 6 6 7 8 9 10 11 11 11 12 12 13 13 13 12 11 12 12 13 14 14 15 15 16 17 17 16 15 15 14 15 16 17 18 19 20 23 25 25 25 24 24 21 21 21
-9999 -9999 -9999 -9999 -1 -1 0 0 0 0 1 1 2 2 3 2 2 3 4 5 4 3 3 4 4 4 5 5 6 5 5 5 5 5 7 9 9 9 10 11 12 12 13 13 12 12 11 11 12 12 13 14 14 14 15 16 16 16 15 15 14 14 16 18 20 20 20 21 22 25 27 27 27 28 29 27 26
-9999 -9999 -9999 -9999 0 -1 -1 -1 -1 1 4 3 3 4 4 3 4 4 4 5 5 5 3 3 4 3 5 5 5 5 5 5 5 5 5 7 7 8 9 10 11 12 12 12 11 11 11 12 12 12 12 13 13 13 14 15 15 14 14 14 15 15 16 18 20 20 20 20 21 22 24 26 28 29 29 30 29
-9999 -9999 -9999 -9999 -1 -1 -1 -1 1 2 5 5 4 3 3 3 3 3 4 4 6 5 4 3 3 4 4 5 5 5 5 5 5 6 5 6 6 7 7 9 10 10 10 10 11 12 12 11 11 11 11 12 12 12 12 13 14 13 13 14 16 16 15 16 17 17 18 19 20 21 22 24 26 28 29 30 29
-9999 -9999 -9999 -9999 0 1 0 2 0 2 4 5 5 4 3 3 3 4 4 5 5 5 4 3 4 4 4 5 5 5 5 5 6 6 6 5 6 6 6 5 7 7 8 9 10 11 11 11 11 10 10 10 10 10 12 13 13 13 14 14 16 16 15 14 15 16 17 18 19 20 20 22 24 26 27 28 28
-9999 -9999 -9999 1 2 6 4 0 1 3 5 6 6 5 4 3 3 3 4 5 5 5 4 4 4 5 5 4 5 5 5 5 7 7 7 6 5 5 5 5 5 6 8 8 8 9 10 10 10 10 10 10 10 11 11 12 13 14 13 14 14 16 15 14 15 16 16 17 18 19 19 20 22 24 25 24 24
-9999 -9999 -9999 1 2 5 3 2 2 5 7 7 7 8 6 5 4 4 4 4 5 4 4 4 4 4 4 4 5 5 5 7 9 9 8 7 6 5 5 5 6 7 9 8 8 9 9 10 10 10 10 10 10 10 11 11 12 12 12 13 13 14 14 14 14 15 16 16 17 18 18 18 20 23 23 23 23
-9999 -9999 -9999 2 1 3 3 2 3 5 6 6 7 9 8 6 6 5 5 4 4 4 5 6 5 5 4 5 6 6 7 7 10 10 9 7 6 6 7 7 7 7 7 7 9 9 9 9 10 10 10 10 11 10 10 10 11 12 13 13 13 14 14 14 14 15 17 17 17 17 18 19 20 22 23 23 24
-9999 -9999 -9999 4 2 2 2 3 4 5 6 7 7 7 7 6 5 5 4 5 4 4 5 6 6 5 4 5 6 6 7 8 10 10 9 8 7 6 6 7 7 7 7 7 8 8 9 9 10 10 10 10 11 10 11 11 11 13 15 15 14 14 15 14 14 15 16 17 17 18 19 20 21 22 23 24 25
-9999 -9999 -9999 4 4 4 4 4 4 5 5 6 6 6 6 5 5 6 7 6 5 4 4 4 4 5 5 5 5 6 7 8 8 9 8 8 8 7 7 7 7 7 7 7 8 8 8 10 10 9 10 10 11 11 11 11 12 13 14 15 14 14 14 14 14 15 15 16 17 18 19 20 21 22 24 25 26
-9999 -9999 -9999 6 5 5 5 5 5 4 4 4 5 6 6 6 6 7 7 6 6 5 5 5 5 6 5 5 5 5 6 8 7 7 8 8 8 9 8 7 7 7 7 7 7 8 8 9 9 9 9 10 11 11 11 12 12 13 14 13 13 13 13 13 13 14 15 15 17 18 20 20 22 23 26 28 29
-9999 -9999 -9999 7 7 5 5 5 5 4 4 4 4 5 6 6 6 5 5 6 7 5 5 6 6 5 5 5 5 5 5 5 6 7 7 8 8 8 7 8 7 7 7 7 8 8 8 9 9 9 10 10 11 11 12 12 12 13 13 14 14 13 14 14 15 14 15 16 17 19 20 21 23 26 28 29 31
-9999 -9999 -9999 7 6 6 6 6 5 4 4 4 4 4 4 5 5 5 6 5 6 5 5 6 6 6 5 5 5 6 6 6 6 6 6 6 6 7 8 9 8 8 8 7 8 9 9 9 9 10 11 11 11 11 12 12 13 13 14 14 14 15 15 16 16 16 16 17 19 20 22 23 26 27 29 30 32
-9999 -9999 -9999 6 7 7 7 6 5 4 4 4 4 4 4 4 6 7 8 6 5 5 5 6 6 6 6 5 6 7 7 7 7 7 7 7 7 8 9 9 8 8 8 8 8 9 9 9 10 10 11 11 11 11 12 12 13 13 14 15 16 17 18 17 17 17 17 18 20 22 23 26 29 31 31 31 33
-9999 -9999 -9999 5 6 6 6 7 5 4 4 4 4 4 4 4 5 7 8 7 6 6 6 6 7 6 5 6 7 8 8 8 8 8 9 8 9 9 9 9 9 9 9 9 9 9 9 10 10 11 11 12 12 11 11 12 13 13 14 16 17 18 19 18 18 18 19 20 21 23 25 27 31 33 33 33 33
-9999 -9999 -9999 4 4 4 4 5 4 4 4 4 4 4 4 4 4 5 5 5 6 6 5 6 6 5 5 6 8 8 9 10 9 9 9 9 10 9 9 9 9 10 9 9 9 9 9 10 10 10 11 12 12 11 12 13 13 13 15 16 17 18 18 19 20 20 21 22 23 24 26 28 31 33 33 33 32
-9999 -9999 -9999 4 4 4 4 4 4 4 4 4 4 4 4 4 4 4 4 4 4 4 4 6 6 6 6 7 9 10 11 11 11 11 11 11 11 11 11 11 11 10 10 10 9 9 10 10 10 10 10 11 11 11 12 14 14 15 16 17 18 18 19 20 21 22 22 23 24 25 28 29 31 32 32 30 29
-9999 -9999 -9999 5 4 4 4 4 4 4 4 4 4 4 4 4 4 4 4 4 4 5 5 6 6 6 6 8 10 12 12 12 12 12 12 12 13 14 14 13 12 11 10 10 10 10 9 10 11 11 11 11 11 11 13 14 15 15 16 17 19 20 20 21 22 22 24 25 27 29 30 30 30 30 29 28 27
-9999 -9999 -9999 6 5 4 5 6 5 4 4 4 4 4 4 4 4 4 4 4 5 6 6 6 6 6 7 9 12 14 13 13 13 13 13 14 14 15 14 13 13 11 11 11 11 10 10 11 13 12 12 12 11 12 14 15 15 16 16 16 17 19 21 22 24 25 26 28 28 28 29 28 27 27 27 27 27
-9999 -9999 -9999 6 6 6 5 6 6 5 5 5 5 4 4 4 4 4 4 4 5 6 6 6 6 7 7 9 12 14 13 14 15 15 15 15 15 14 14 13 13 12 12 12 11 10 12 13 13 13 14 13 13 13 15 16 16 16 16 16 16 19 21 23 24 25 26 26 27 26 25 25 26 26 27 27 27
-9999 -9999 -9999 7 7 7 7 7 6 6 5 5 6 6 5 4 4 4 4 5 5 5 5 6 7 7 7 10 12 14 14 14 16 15 17 17 16 14 13 13 13 12 12 12 12 13 14 15 14 14 15 14 15 15 16 17 17 17 16 16 16 18 21 22 22 22 22 23 24 24 25 25 26 27 28 28 28
-9999 -9999 -9999 7 7 8 7 7 7 6 5 5 7 6 5 4 4 5 5 6 6 6 6 7 8 8 8 9 12 14 14 14 15 16 17 18 16 14 13 13 13 12 12 12 14 16 16 17 17 17 16 15 16 17 19 19 20 19 18 17 17 17 19 19 19 20 21 22 23 24 25 26 27 28 29 29 29
-9999 -9999 6 7 6 7 7 8 7 6 5 5 6 6 6 4 5 6 6 6 7 7 8 8 9 9 9 10 12 13 14 15 16 16 18 19 17 16 15 14 13 13 12 12 14 17 17 17 17 18 19 19 20 20 21 22 22 21 20 19 18 18 17 17 19 20 21 22 24 24 26 27 29 30 30 30 30
-9999 -9999 6 6 6 7 7 7 7 7 6 5 5 6 5 5 5 6 7 6 7 8 9 9 10 9 11 11 12 13 15 16 17 17 18 19 17 17 16 15 15 13 13 13 13 16 16 17 18 19 20 22 22 23 23 24 23 23 22 21 20 20 18 18 19 20 21 23 24 25 26 29 30 31 31 31 30
-9999 -9999 7 7 7 7 8 7 7 7 7 6 6 6 6 6 6 6 7 7 7 8 9 9 9 9 11 12 13 14 15 17 18 19 18 18 18 17 17 16 15 14 14 14 14 15 16 17 18 19 20 21 22 22 23 24 24 23 23 22 21 21 19 18 19 20 21 22 24 25 26 29 30 31 30 30 29
-9999 -9999 9 8 8 8 8 7 8 8 8 8 7 6 6 6 8 8 8 8 8 8 10 10 9 10 11 13 15 16 17 18 19 19 19 19 18 18 17 16 16 14 14 14 14 16 17 17 18 20 20 20 20 22 23 24 24 24 24 23 22 20 19 19 19 20 21 22 23 25 25 26 27 28 28 28 28
-9999 -9999 11 10 9 9 8 9 10 10 10 10 10 8 7 8 8 9 9 9 9 8 10 10 10 11 12 14 16 17 18 19 19 19 20 20 20 19 19 18 17 16 15 15 16 17 18 18 19 21 21 21 20 22 24 24 25 25 27 25 24 21 20 20 20 19 20 21 22 23 24 24 24 25 25 26 26
-9999 -9999 12 11 10 9 10 11 11 13 14 13 11 10 9 8 9 9 9 8 8 8 9 10 10 11 13 14 16 16 18 18 19 19 20 20 21 20 20 19 18 17 17 17 18 19 19 20 20 21 21 21 22 23 24 25 26 26 27 26 25 24 21 20 20 19 19 19 20 22 23 21 22 23 23 23 24
-9999 -9999 11 10 10 9 10 11 12 14 15 16 13 11 10 9 9 9 9 8 8 8 9 10 11 12 13 14 14 15 16 17 17 18 20 20 21 22 22 21 21 20 19 19 20 21 21 21 22 22 22 22 23 24 25 26 27 27 27 27 27 25 23 21 20 19 19 19 20 20 20 20 21 21 22 23 25
-9999 -9999 10 9 9 10 10 11 12 13 16 15 14 12 12 11 10 10 10 9 9 9 10 11 12 13 14 14 14 14 14 15 16 18 19 21 22 23 23 23 23 22 21 21 23 23 23 23 23 23 23 24 25 26 27 28 27 27 27 27 26 25 23 21 21 21 20 20 20 20 20 20 20 21 22 23 24
-9999 -9999 10 10 11 12 12 13 12 13 14 15 14 14 12 11 11 10 11 10 10 11 13 13 14 14 14 14 14 14 14 14 15 17 19 22 23 24 25 24 24 23 22 22 24 25 25 25 25 26 27 27 28 29 29 28 28 28 28 27 26 24 24 23 22 22 22 21 20 20 21 21 20 21 23 22 23
-9999 -9999 11 11 13 14 14 14 14 14 14 14 14 14 13 13 12 12 12 12 13 14 15 16 16 15 15 14 14 15 16 16 17 19 21 23 25 26 27 26 26 25 23 23 24 26 26 27 28 28 30 30 30 30 30 29 29 28 28 27 25 25 25 23 23 22 22 21 22 23 23 22 21 22 23 23 23
