3/spatial_data/facc.asc
ncols 600
nrows 300
xllcorner -1.500000
yllcorner 47.000000
cellsize 0.000833
NODATA_value -9999
[rows 68 to 101 of 300, columns 231 to 307 of 600]
2 6 1 1 3 4 3 2 1161 1 1 2 1 1 4 3 28 3 12 1 14 2 3 9 4 1948 1947 1937 2 2 19 3 1 1 1 1 1 23 15 3 355 3 1 1 2 1 1 1 1 2 4 2 1 1 1 1 1 1 2 1 24 7 6 6 6 6 4 3 10 5 4 -9999 -9999 -9999 -9999 -9999 -9999
7 1 2 2 8 1 1 1167 2 2 3 1 2 1 2 8 32 1 13 2 15 1 6 14 1949 1 2 1 1 1 1 18 1 1 1 1 1 2 19 14 2 354 1 1 1 1 2 2 298 291 282 2 2 2 1 1 1 2 5 25 8 7 7 7 7 5 4 11 6 5 -9999 -9999 -9999 -9999 -9999 -9999 -9999
1 4 3 9 2 1 1169 3 3 4 2 1 3 2 3 1 2710 2665 20 18 1 8 15 1950 2 4 1 1 1 1 1 1 17 13 8 2 1 1 13 4 13 1 353 348 340 330 322 309 1 4 4 279 274 266 261 2 4 6 195 162 146 132 119 8 6 5 12 7 6 40 -9999 -9999 -9999 -9999 -9999 -9999 -9999
4008 3996 3990 3978 3974 3967 2796 2788 2783 2777 1 2 1 2732 2726 2714 2 3 2631 1 10 16 2496 538 526 514 513 2 2 2 2 1 2 2 3 4 1 1 11 3 5 7 1 2 6 9 5 10 9 3 3 1 3 3 4 257 243 209 1 7 7 6 5 103 92 82 8 7 41 -9999 -9999 -9999 -9999 -9999 -9999 -9999 -9999
4 2 2 2 1 5 1 4 1 1 2773 2749 2738 1 5 2 1 1 2 2630 2528 2499 1 7 9 7 5 510 3 3 2 3 1 1 1 2 3 3 3 4 2 4 6 1 5 6 2 4 9 8 2 2 1 1 2 3 9 27 12 1 6 6 5 4 4 4 61 51 -9999 -9999 -9999 -9999 -9999 -9999 -9999 -9999 -9999
1 1 1 1 1 1 3 2 1 1 13 7 9 4 2 2 1 1 4 3 84 12 1 6 1 7 1 4 504 429 416 3 1 1 1 1 1 2 2 2 3 1 3 5 3 1 5 1 3 8 7 1 1 1 2 5 1 2 26 10 5 5 5 4 3 3 3 -9999 -9999 -9999 -9999 -9999 -9999 -9999 -9999 -9999 -9999
1 1 1 1 1 1 1 1 1 1 8 3 6 8 3 1 1 3 2 12 34 37 11 7 5 4 2 2 1 71 10 409 2 4 2 1 1 1 1 1 1 2 2 2 2 2 2 2 1 1 7 6 3 1 1 3 1 17 4 4 4 4 4 4 3 2 2 -9999 -9999 -9999 -9999 -9999 -9999 -9999 -9999 -9999 -9999
1 3 4 2 2 1 1 1 1 1 5 1 2 5 7 2 2 1 11 2 28 3 36 3 6 4 3 1 1 2 68 9 406 398 7 5 3 1 1 1 1 1 1 1 1 1 1 1 1 1 3 2 2 2 1 1 2 2 12 3 3 3 3 3 3 2 -9999 -9999 -9999 -9999 -9999 -9999 -9999 -9999 -9999 -9999 -9999
70 60 52 44 37 1 3 2 1 1 1 4 1 4 6 1 1 2 8 1 26 1 2 35 2 5 3 2 1 1 2 64 8 3 390 384 1 2 2 2 2 1 1 1 1 1 1 1 1 1 1 1 1 1 1 1 1 2 7 2 2 2 2 2 2 -9999 -9999 -9999 -9999 -9999 -9999 -9999 -9999 -9999 -9999 -9999 -9999
7 6 3 7 4 34 27 21 16 11 4 3 3 3 4 1 1 6 1 5 12 8 1 30 4 1 4 2 1 1 3 4 56 7 2 5 382 3 3 3 2 2 2 2 2 2 2 2 2 1 1 1 1 1 1 1 1 1 3 2 1 1 1 1 -9999 -9999 -9999 -9999 -9999 -9999 -9999 -9999 -9999 -9999 -9999 -9999 -9999
5 6 5 2 6 3 3 3 3 3 5 2 2 2 2 3 4 1 4 1 10 6 1 8 21 3 2 1 1 2 3 6 49 4 2 1 4 376 333 327 3 3 3 3 3 3 3 3 2 2 2 2 2 2 2 1 1 1 1 1 1 1 1 1 -9999 -9999 -9999 -9999 -9999 -9999 -9999 -9999 -9999 -9999 -9999 -9999 -9999
4 4 5 4 1 5 2 2 2 2 2 2 1 1 1 1 2 3 3 9 1 3 1 7 1 19 2 1 1 2 5 9 33 6 3 1 2 1 42 2 318 311 4 1 7 4 4 3 1 5 3 1 5 3 2 2 2 1 1 1 2 2 1 -9999 -9999 -9999 -9999 -9999 -9999 -9999 -9999 -9999 -9999 -9999 -9999 -9999 -9999
3 3 3 1 3 2 2 1 1 1 1 1 1 1 1 1 1 1 2 2 8 1 1 6 2 3 13 1 1 4 8 5 4 23 5 2 1 2 35 4 1 6 300 297 214 5 4 2 6 4 2 6 4 3 3 3 2 2 2 3 3 2 -9999 -9999 -9999 -9999 -9999 -9999 -9999 -9999 -9999 -9999 -9999 -9999 -9999 -9999 -9999
2 2 2 2 1 1 1 1 1 1 1 1 2 2 2 2 1 1 1 1 1 7 5 1 2 1 10 1 3 7 4 3 18 4 4 1 1 2 24 8 3 1 4 2 74 204 3 7 5 3 7 5 4 11 7 3 3 3 4 4 3 3 -9999 -9999 -9999 -9999 -9999 -9999 -9999 -9999 -9999 -9999 -9999 -9999 -9999 -9999 -9999
1 1 1 1 1 1 1 2 2 2 2 3 3 6 3 2 2 2 1 1 1 2 6 4 1 1 8 1 1 6 3 2 17 3 2 1 1 2 18 3 7 2 2 1 1 73 196 175 157 8 6 5 12 1 1 1 1 11 5 4 4 -9999 -9999 -9999 -9999 -9999 -9999 -9999 -9999 -9999 -9999 -9999 -9999 -9999 -9999 -9999 -9999
1 1 1 1 2 2 3 3 3 3 4 4 7 1 3 3 3 2 2 8 6 3 1 5 3 3 3 1 4 1 2 1 3 13 2 1 1 2 13 2 2 6 1 1 6 57 9 13 12 145 133 13 2 2 1 1 2 18 5 5 -9999 -9999 -9999 -9999 -9999 -9999 -9999 -9999 -9999 -9999 -9999 -9999 -9999 -9999 -9999 -9999 -9999
1 1 3 4 3 4 4 4 4 5 5 8 2 4 4 4 3 15 12 3 2 1 2 1 3 2 2 2 2 1 1 2 4 2 6 1 1 2 2 8 1 1 5 5 6 33 17 8 12 11 5 114 3 2 2 1 1 50 21 -9999 -9999 -9999 -9999 -9999 -9999 -9999 -9999 -9999 -9999 -9999 -9999 -9999 -9999 -9999 -9999 -9999 -9999
1 3 4 8 5 5 5 5 6 6 9 3 5 51 40 35 29 13 10 4 3 2 1 1 1 1 1 1 1 1 1 3 1 2 2 1 1 1 2 2 3 4 4 5 28 1 3 16 7 11 10 4 108 100 95 65 59 3 3 -9999 -9999 -9999 -9999 -9999 -9999 -9999 -9999 -9999 -9999 -9999 -9999 -9999 -9999 -9999 -9999 -9999 -9999
5 5 9 6 6 6 6 7 7 21 10 6 52 1 6 4 2 1 2 5 3 2 1 1 1 1 1 1 1 1 1 1 1 1 1 1 1 1 1 2 3 3 4 4 19 4 1 1 15 6 10 9 3 5 2 28 4 5 -9999 -9999 -9999 -9999 -9999 -9999 -9999 -9999 -9999 -9999 -9999 -9999 -9999 -9999 -9999 -9999 -9999 -9999 -9999
6 10 7 7 7 7 8 8 22 1 1 57 4 2 1 1 3 2 1 1 1 1 2 2 2 2 2 2 2 1 1 1 1 1 1 7 3 1 1 2 2 3 3 15 3 2 1 2 9 3 5 9 8 2 4 1 27 -9999 -9999 -9999 -9999 -9999 -9999 -9999 -9999 -9999 -9999 -9999 -9999 -9999 -9999 -9999 -9999 -9999 -9999 -9999 -9999
11 8 8 8 8 9 9 23 2 1 58 1 2 1 1 2 1 1 1 1 2 3 3 3 1 5 1 5 1 2 2 2 2 3 8 1 1 1 1 1 2 2 8 4 2 2 1 1 3 5 2 4 8 7 1 3 -9999 -9999 -9999 -9999 -9999 -9999 -9999 -9999 -9999 -9999 -9999 -9999 -9999 -9999 -9999 -9999 -9999 -9999 -9999 -9999 -9999
175 163 151 139 129 117 104 78 73 65 5 3 3 2 3 1 2 2 1 4 1 4 7 2 1 7 6 1 2 5 1 5 4 9 2 2 1 1 1 1 1 1 4 2 3 1 1 1 1 1 3 1 3 7 6 -9999 -9999 -9999 -9999 -9999 -9999 -9999 -9999 -9999 -9999 -9999 -9999 -9999 -9999 -9999 -9999 -9999 -9999 -9999 -9999 -9999 -9999
8 3 3 3 1 2 3 2 2 6 1 4 1 4 2 3 3 2 1 6 1 12 1 3 2 14 2 3 6 2 6 5 10 3 3 2 2 2 1 1 1 1 1 1 1 2 1 1 1 1 1 1 1 -9999 -9999 -9999 -9999 -9999 -9999 -9999 -9999 -9999 -9999 -9999 -9999 -9999 -9999 -9999 -9999 -9999 -9999 -9999 -9999 -9999 -9999 -9999 -9999
4 2 2 2 2 1 1 1 1 1 5 2 5 3 4 4 1 3 8 1 2 13 2 4 17 3 1 10 3 7 6 11 4 4 3 6 3 2 2 2 1 1 1 1 1 1 2 2 1 1 1 1 -9999 -9999 -9999 -9999 -9999 -9999 -9999 -9999 -9999 -9999 -9999 -9999 -9999 -9999 -9999 -9999 -9999 -9999 -9999 -9999 -9999 -9999 -9999 -9999 -9999
1 1 1 1 1 1 1 1 1 1 3 6 4 5 5 2 4 9 2 3 1 14 7 18 4 1 12 4 8 7 12 5 5 4 7 1 3 3 3 2 2 1 1 2 2 5 3 2 2 2 2 -9999 -9999 -9999 -9999 -9999 -9999 -9999 -9999 -9999 -9999 -9999 -9999 -9999 -9999 -9999 -9999 -9999 -9999 -9999 -9999 -9999 -9999 -9999 -9999 -9999 -9999
1 1 1 1 1 2 2 2 2 4 7 5 6 6 1 7 1 10 6 2 15 8 1 23 2 13 5 9 8 13 6 6 5 8 2 4 4 4 3 1 1 4 1 2 10 4 3 3 3 3 -9999 -9999 -9999 -9999 -9999 -9999 -9999 -9999 -9999 -9999 -9999 -9999 -9999 -9999 -9999 -9999 -9999 -9999 -9999 -9999 -9999 -9999 -9999 -9999 -9999 -9999 -9999
2 2 2 2 1 1 7 3 5 8 6 7 7 2 1 9 11 1 9 16 56 2 24 3 14 6 10 9 51 35 27 6 9 3 5 5 5 4 2 1 1 2 5 2 17 4 4 4 4 -9999 -9999 -9999 -9999 -9999 -9999 -9999 -9999 -9999 -9999 -9999 -9999 -9999 -9999 -9999 -9999 -9999 -9999 -9999 -9999 -9999 -9999 -9999 -9999 -9999 -9999 -9999 -9999
3 3 3 2 1 1 12 6 9 7 8 8 3 2 10 12 2 10 17 57 1 45 19 15 7 80 67 55 2 2 1 14 4 6 6 12 6 1 1 5 1 1 3 25 5 5 5 5 -9999 -9999 -9999 -9999 -9999 -9999 -9999 -9999 -9999 -9999 -9999 -9999 -9999 -9999 -9999 -9999 -9999 -9999 -9999 -9999 -9999 -9999 -9999 -9999 -9999 -9999 -9999 -9999 -9999
4 13 8 4 2 13 7 10 8 23 13 4 3 11 13 3 11 18 58 2 1 1 1 8 81 1 2 2 1 1 1 1 7 20 13 1 1 1 1 8 2 1 1 34 6 6 6 -9999 -9999 -9999 -9999 -9999 -9999 -9999 -9999 -9999 -9999 -9999 -9999 -9999 -9999 -9999 -9999 -9999 -9999 -9999 -9999 -9999 -9999 -9999 -9999 -9999 -9999 -9999 -9999 -9999 -9999
14 1 1 1 14 8 11 9 25 1 1 4 1 25 4 12 19 59 3 2 2 1 9 82 2 1 1 1 1 1 2 31 22 1 1 1 2 2 2 12 2 1 1 42 7 7 -9999 -9999 -9999 -9999 -9999 -9999 -9999 -9999 -9999 -9999 -9999 -9999 -9999 -9999 -9999 -9999 -9999 -9999 -9999 -9999 -9999 -9999 -9999 -9999 -9999 -9999 -9999 -9999 -9999 -9999 -9999
2 1 1 15 9 12 10 26 1 1 5 2 26 5 13 20 60 4 3 3 2 10 83 3 2 2 1 1 2 3 32 1 1 1 1 2 2 3 3 17 2 2 43 8 -9999 -9999 -9999 -9999 -9999 -9999 -9999 -9999 -9999 -9999 -9999 -9999 -9999 -9999 -9999 -9999 -9999 -9999 -9999 -9999 -9999 -9999 -9999 -9999 -9999 -9999 -9999 -9999 -9999 -9999 -9999 -9999 -9999
2 2 16 10 13 11 27 2 2 6 3 27 6 14 21 61 5 4 4 3 11 84 4 3 3 2 2 3 4 33 2 1 1 1 2 2 3 3 4 23 3 44 9 -9999 -9999 -9999 -9999 -9999 -9999 -9999 -9999 -9999 -9999 -9999 -9999 -9999 -9999 -9999 -9999 -9999 -9999 -9999 -9999 -9999 -9999 -9999 -9999 -9999 -9999 -9999 -9999 -9999 -9999 -9999 -9999 -9999 -9999
1337 17 11 14 12 28 3 3 7 4 28 7 15 22 62 6 5 5 4 12 85 5 4 4 3 1 6 1 5 36 1 3 2 1 3 6 1 1 31 4 45 10 -9999 -9999 -9999 -9999 -9999 -9999 -9999 -9999 -9999 -9999 -9999 -9999 -9999 -9999 -9999 -9999 -9999 -9999 -9999 -9999 -9999 -9999 -9999 -9999 -9999 -9999 -9999 -9999 -9999 -9999 -9999 -9999 -9999 -9999 -9999
3 1317 630 13 29 4 4 1 12 29 8 16 23 63 7 6 6 5 13 86 6 5 5 4 2 7 1 2 42 1 2 4 4 1 10 2 2 32 128 120 71 -9999 -9999 -9999 -9999 -9999 -9999 -9999 -9999 -9999 -9999 -9999 -9999 -9999 -9999 -9999 -9999 -9999 -9999 -9999 -9999 -9999 -9999 -9999 -9999 -9999 -9999 -9999 -9999 -9999 -9999 -9999 -9999 -9999 -9999 -9999 -9999
