3/spatial_data/facc.asc
ncols 600
nrows 300
xllcorner -1.500000
yllcorner 47.000000
cellsize 0.000833
NODATA_value -9999
[rows 34 to 67 of 300, columns 231 to 307 of 600]
1 3 11 1 7 1 5 4 1 17 2 8 6 1 6 2 8 13 2 6 9 5 5 3 7 4 4 3 3 3 2 2 2 2 2 2 2 1 1 1 1 4 2 3 2 410 22 2 3 1 1 1 1 1 1 1 1 1 1 1 1 1 2 5 3 3 3 1 1 2 2 2 4 3 3 2 2
1 2 4 6 3 3 2 2 3 5 11 1 7 5 2 3 1 7 12 1 5 8 4 4 2 6 3 3 2 2 2 1 1 1 1 1 1 1 1 1 1 2 7 6 1 438 2 1 1 1 1 1 2 2 2 1 1 1 1 1 2 2 9 4 4 4 2 1 1 2 3 9 11 7 3 3 1
3 1 3 5 2 2 1 1 2 4 7 3 3 3 4 1 2 6 7 4 4 4 3 3 3 1 5 2 2 1 1 1 1 1 1 1 1 1 1 2 2 2 1 16 439 1 1 1 1 2 2 3 3 3 2 2 1 1 2 2 2 3 16 5 5 3 1 1 3 1 3 24 1 1 4 1 1
4 2 2 2 2 1 1 1 1 2 4 2 2 2 2 3 1 5 3 3 3 3 3 2 2 2 2 2 1 1 1 1 3 2 2 1 1 2 3 1 3 3 6 456 2 1 1 2 41 35 29 23 17 11 7 3 1 1 2 3 3 3 25 6 4 2 2 1 5 1 1 4 27 5 2 1 1
2 1 1 1 1 1 1 1 1 1 1 1 1 1 1 1 2 2 2 2 2 2 2 2 1 1 1 1 1 1 1 2 2 8 1 1 2 2 3 5 1 4 1 465 2 2 3 50 4 3 3 2 2 2 1 1 1 1 3 3 4 4 35 5 3 3 1 1 8 2 1 1 37 3 2 2 1
1 1 1 1 1 2 2 1 1 1 1 1 1 1 1 1 1 1 1 1 1 1 1 1 1 1 1 1 1 1 2 2 3 3 11 1 1 3 3 4 6 6 467 89 85 69 60 5 4 3 2 2 1 1 1 1 1 2 1 4 4 5 45 4 4 1 1 2 12 2 1 39 4 3 3 1 3
1 2 8 5 3 3 2 2 1 3 1 1 4 2 2 2 1 1 1 1 1 1 1 1 1 1 3 1 2 2 2 3 3 4 16 1 1 2 9 5 13 567 97 2 1 13 5 4 4 3 2 1 1 1 1 1 2 2 3 2 5 5 55 5 2 1 1 16 3 1 41 5 4 4 2 1 8
3 10 1 1 4 3 1 1 3 6 2 5 3 3 3 2 2 2 2 1 3 2 1 1 2 2 2 4 2 3 3 3 4 4 22 1 1 2 1 28 576 4 2 5 1 1 11 4 3 3 2 1 1 1 2 2 2 3 3 4 3 6 66 3 2 1 18 4 2 42 233 225 219 198 193 189 169
11 1 1 1 1 9 1 1 5 9 6 4 28 19 14 10 6 3 1 1 7 1 1 2 2 3 3 3 5 3 4 4 4 5 5 25 1 1 32 582 4 4 3 1 4 1 6 3 3 2 2 1 1 2 2 3 3 3 4 4 5 76 4 3 2 332 308 298 291 244 6 2 1 16 2 2 11
2 1 1 2 2 12 1 7 10 7 5 34 3 5 1 1 1 2 1 1 10 1 1 2 3 6 4 1 4 6 4 5 5 10 1 31 3 33 591 4 1 3 3 2 2 1 1 4 2 2 1 1 1 2 3 3 4 4 4 5 5 86 361 357 345 12 5 5 4 4 4 5 1 1 14 1 1
1 1 2 2 3 16 8 11 8 51 40 3 2 2 4 2 1 1 4 1 13 1 1 2 3 4 7 5 2 5 7 5 11 12 32 4 34 602 6 4 3 2 2 2 1 1 1 1 1 1 1 1 1 8 3 4 4 5 5 15 459 369 4 4 5 5 6 4 4 3 3 3 4 1 7 5 1
1 2 2 3 22 9 12 9 55 1 5 2 2 1 1 1 2 1 1 5 2 15 1 4 4 1 5 13 1 8 1 13 24 702 663 656 614 5 4 5 3 2 1 1 1 1 1 1 1 1 1 1 5 1 11 16 5 5 26 460 3 3 3 3 3 4 4 5 3 3 2 2 2 3 3 3 4
2 2 3 3 35 13 73 61 3 2 2 2 1 1 1 1 1 3 2 2 6 18 2 5 5 2 1 19 1 10 1 753 713 1 6 2 7 6 4 3 4 2 1 1 1 1 2 2 4 2 1 1 1 1 1 1 17 37 461 9 3 2 2 2 2 2 3 3 4 2 2 1 1 1 2 2 2
4 1 3 42 14 74 1 2 2 2 1 1 1 1 1 3 1 2 4 3 3 25 1 3 6 6 3 2 21 1 777 7 1 9 1 5 1 6 5 3 2 1 1 1 2 2 2 3 9 2 1 1 1 1 1 1 2 531 13 2 2 2 1 1 1 1 1 2 2 3 1 1 1 1 1 1 1
8 1 1 60 75 2 1 1 1 1 1 1 1 2 1 2 4 2 3 5 7 1 26 5 7 1 7 821 793 791 1 5 6 4 3 3 1 5 2 2 2 1 1 1 2 3 3 3 15 2 1 2 2 1 3 2 537 2 2 1 1 1 1 1 1 1 1 1 1 1 1 1 1 4 1 1 1
10 2 61 76 10 6 3 1 1 1 1 1 2 2 3 2 3 5 3 4 6 8 2 27 6 845 826 3 1 8 4 3 1 5 3 2 2 1 3 1 1 1 1 2 2 3 4 4 4 18 2 3 3 2 546 539 1 1 1 1 1 1 2 2 2 2 1 1 1 1 1 1 2 7 2 2 2
3 62 92 14 2 1 1 2 1 3 1 1 2 5 1 4 3 4 9 1 11 1 9 890 853 3 3 1 2 2 5 3 2 2 2 2 1 1 1 1 1 1 1 2 3 3 4 9 1 23 1 9 3 548 1 1 1 1 1 2 2 3 3 3 3 4 2 1 1 2 2 2 2 12 3 3 3
63 94 1 1 1 1 3 2 1 1 4 3 3 1 7 1 8 5 1 11 12 1 906 3 1 4 2 2 1 1 2 2 2 1 1 1 1 1 1 2 2 1 1 2 3 4 4 5 10 25 11 4 549 1 1 2 1 3 3 40 35 29 23 17 11 1 2 1 1 2 3 7 13 4 4 4 3
97 2 1 1 1 4 3 2 1 1 2 5 4 4 2 8 2 14 1 943 930 916 3 2 2 2 1 1 1 1 1 1 1 1 1 1 1 3 3 3 2 1 1 2 3 4 5 5 11 11 41 550 2 2 3 2 4 52 46 3 2 2 2 2 2 5 2 1 1 2 3 24 5 1 9 4 5
2 1 2 2 5 4 3 2 1 1 2 3 6 9 3 1 9 3 969 6 3 3 3 2 1 1 1 3 1 3 1 1 1 1 1 2 3 1 7 8 2 1 1 2 6 12 18 26 29 41 603 1 3 6 3 63 58 3 2 2 2 1 1 1 1 1 2 1 1 2 3 33 1 1 2 19 5
1 3 3 6 5 4 3 2 2 1 1 3 7 7 10 5 1 987 3 4 2 2 2 2 1 1 2 1 4 6 2 2 2 1 1 2 7 8 9 1 2 2 1 1 2 1 2 2 1 2 44 608 7 4 64 5 2 2 2 1 1 1 1 1 1 3 1 1 2 2 3 4 36 1 1 27 6
4 5 1 12 1 8 3 3 1 1 2 2 1 8 8 11 994 3 2 2 3 1 1 1 1 1 1 1 2 13 3 3 1 1 3 10 9 20 9 6 3 2 1 1 1 1 1 1 2 1 2 662 5 73 8 2 2 1 1 1 1 2 2 2 4 2 1 1 2 3 3 4 42 2 28 7 41
6 1 13 1 10 4 1 4 1 2 4 3 1 2 9 1014 7 1 2 1 1 2 1 1 1 1 2 2 2 19 4 1 1 3 1 23 22 1 1 1 3 2 1 1 1 2 1 1 2 3 1 668 78 4 3 1 1 1 1 1 1 2 7 5 3 2 1 1 2 3 4 50 93 90 61 49 4
16 14 1 1 16 2 1 6 1 1 3 8 1 4 1 1033 1 2 1 1 1 1 2 1 2 1 2 3 3 26 2 1 1 6 24 23 2 1 1 4 3 2 1 1 2 2 3 2 1 3 673 79 4 3 1 1 1 1 1 3 1 4 8 9 5 2 2 1 1 3 58 94 1 1 1 4 3
1 1 1 2 20 2 1 8 1 1 2 4 9 2 1040 1 1 1 1 2 1 4 2 1 3 1 2 3 4 30 3 3 7 25 24 4 1 2 5 4 3 1 1 2 2 3 3 4 3 2 756 11 6 4 1 2 1 2 2 5 265 259 246 235 224 222 218 211 206 201 135 27 20 2 1 4 3
2 1 1 4 23 2 9 1 1 2 4 1 14 3 1069 3 2 1 6 2 5 1 4 1 1 5 3 4 1 38 1 11 26 25 5 1 3 6 5 4 1 1 2 2 3 3 4 4 5 762 12 2 1 1 3 2 1 5 275 269 3 1 4 1 5 1 3 4 2 1 7 13 5 16 11 3 3
1 1 2 29 3 10 2 1 1 2 3 9 18 1076 1 25 22 18 7 6 2 5 1 2 2 6 1 4 5 41 12 27 26 6 2 4 7 6 5 2 2 1 1 3 3 4 4 5 5 780 3 1 1 1 1 3 7 276 1 1 1 1 1 2 2 2 2 1 2 1 5 1 12 4 3 3 2
2 2 32 4 11 3 1 1 2 2 3 31 1079 2 5 2 2 2 4 3 6 2 3 1 1 3 7 2 51 1 40 27 7 3 1 12 1 12 3 3 2 1 1 2 4 4 5 5 791 4 2 2 2 1 5 8 277 2 2 1 1 1 1 1 1 1 1 1 1 2 2 5 3 3 3 2 -9999
1 35 5 16 4 2 1 1 2 3 3 1111 6 1 1 2 1 1 1 7 3 4 2 2 1 1 4 12 55 41 28 8 4 1 2 13 2 13 7 3 1 1 2 2 3 5 5 11 792 8 1 5 2 329 321 306 27 17 14 10 7 2 2 1 1 1 1 1 1 1 1 1 2 2 2 -9999 -9999
36 6 17 1 4 1 1 2 6 4 1115 11 2 4 2 1 1 1 8 4 5 1 5 2 1 1 2 1 109 29 1 1 13 1 4 16 14 8 4 1 2 2 3 3 1 9 6 1182 374 362 361 339 333 1 2 6 1 7 2 2 1 3 2 2 2 2 2 1 1 1 1 1 1 1 1 -9999 -9999
37 28 9 6 1 1 1 2 1 1126 12 1 2 1 1 1 2 9 5 6 2 6 3 1 2 1 2 3 140 1 1 3 14 2 21 1 23 5 2 1 1 5 4 1 5 16 1184 1 4 3 1 15 3 2 1 3 2 2 2 1 1 3 3 3 3 3 2 2 2 2 2 2 1 1 -9999 -9999 -9999
2 2 1 1 3 1 1 2 3 1140 3 1 1 1 1 2 12 1 6 9 1 10 2 3 1 2 1 3 4 142 1 2 18 24 2 24 1627 3 1 2 2 1 10 7 1213 1194 7 1 2 1 2 3 11 2 1 1 1 1 1 1 4 4 4 4 4 3 3 3 3 1 5 2 2 -9999 -9999 -9999 -9999
1 1 1 4 1 1 1 2 3 1147 1 2 1 1 1 2 15 8 1 10 12 1 3 4 1 2 3 2 8 143 1 1752 1728 1701 1698 1670 41 1618 1613 3 2 1243 1231 1219 3 2 2 5 1 1 1 1 2 10 1 1 1 1 1 1 9 5 5 5 4 4 4 4 2 1 8 3 -9999 -9999 -9999 -9999 -9999
1 1 5 1 1 3 2 1 6 1154 5 2 1 1 2 2 26 1 2 11 13 1 2 8 2 1 6 3 1932 1921 1777 1 2 2 1 2 1 40 4 1606 1248 1 1 4 2 2 1 1 3 2 1 1 1 1 9 7 4 2 1 1 16 6 6 5 5 5 5 3 2 9 4 3 -9999 -9999 -9999 -9999 -9999
